1400690815827 69
1400690815827 69
1400690815827 70
1400690815827 70
1400690815827 70
1400690815827 70
1400690815827 70
1400690815827 69
1400690815827 69
1400690815827 69
1400690815827 69
1400690815827 69
1400690815827 69
1400690815827 69
1400690815827 69
1400690815827 69
1400690815827 69
1400690815827 68
1400690815827 68
1400690815827 68
1400690815827 69
1400690815827 69
1400690815827 69
1400690815827 69
1400690815827 69
1400690815827 69
1400690815827 69
1400690815827 69
1400690815827 69
1400690815827 69
1400690815827 69
1400690815827 69
1400690815827 69
1400690815827 68
1400690815827 68
1400690815827 68
1400690815827 67
1400690815827 67
1400690815827 68
1400690815827 68
1400690815827 69
1400690815827 69
1400690815827 70
1400690815827 70
1400690815827 71
1400690815827 71
1400690815827 71
1400690815827 71
1400690815827 70
1400690815827 70
1400690815827 70
1400690815827 71
1400690815827 72
1400690815827 73
1400690815827 74
1400690815827 75
1400690815827 76
1400690815827 77
1400690815827 78
1400690815827 79
1400690815827 81
1400690815827 82
1400690815827 83
1400690815827 84
1400690815827 86
1400690815827 87
1400690815827 88
1400690815827 89
1400690815827 90
1400690815827 91
1400690815827 92
1400690815827 93
1400690815827 94
1400690815827 95
1400690815827 95
1400690815827 96
1400690815827 96
1400690815827 97
1400690815827 98
1400690815827 100
1400690815827 101
1400690815827 103
1400690815827 104
1400690815827 104
1400690815827 104
1400690815827 103
1400690815827 103
1400690815827 103
1400690815827 104
1400690815827 105
1400690815827 106
1400690815827 107
1400690815827 106
1400690815827 106
1400690815827 106
1400690815827 105
1400690815827 105
1400690815827 104
1400690815827 104
1400690815827 104
1400690815827 103
1400690815827 103
1400690815827 103
1400690815827 105
1400690815827 106
1400690815827 107
